{
 "cells": [
  {
   "attachments": {},
   "cell_type": "markdown",
   "metadata": {},
   "source": []
  },
  {
   "cell_type": "code",
   "execution_count": 1,
   "metadata": {},
   "outputs": [],
   "source": [
    "# Import libraries\n",
    "from amplpy import AMPL\n",
    "import numpy as np\n",
    "import pandas as pd\n",
    "import matplotlib.pyplot as plt\n",
    "import seaborn as sns"
   ]
  },
  {
   "cell_type": "code",
   "execution_count": 8,
   "metadata": {},
   "outputs": [
    {
     "data": {
      "text/html": [
       "<div>\n",
       "<style scoped>\n",
       "    .dataframe tbody tr th:only-of-type {\n",
       "        vertical-align: middle;\n",
       "    }\n",
       "\n",
       "    .dataframe tbody tr th {\n",
       "        vertical-align: top;\n",
       "    }\n",
       "\n",
       "    .dataframe thead th {\n",
       "        text-align: right;\n",
       "    }\n",
       "</style>\n",
       "<table border=\"1\" class=\"dataframe\">\n",
       "  <thead>\n",
       "    <tr style=\"text-align: right;\">\n",
       "      <th></th>\n",
       "      <th>0</th>\n",
       "      <th>1</th>\n",
       "      <th>2</th>\n",
       "      <th>3</th>\n",
       "      <th>4</th>\n",
       "      <th>5</th>\n",
       "      <th>6</th>\n",
       "      <th>7</th>\n",
       "      <th>8</th>\n",
       "      <th>9</th>\n",
       "      <th>10</th>\n",
       "      <th>11</th>\n",
       "      <th>12</th>\n",
       "      <th>13</th>\n",
       "      <th>14</th>\n",
       "    </tr>\n",
       "  </thead>\n",
       "  <tbody>\n",
       "    <tr>\n",
       "      <th>0</th>\n",
       "      <td>0.000000</td>\n",
       "      <td>29.252192</td>\n",
       "      <td>19.410106</td>\n",
       "      <td>5.614832</td>\n",
       "      <td>3.582847</td>\n",
       "      <td>26.931207</td>\n",
       "      <td>19.533434</td>\n",
       "      <td>11.284578</td>\n",
       "      <td>34.863439</td>\n",
       "      <td>10.768085</td>\n",
       "      <td>26.713213</td>\n",
       "      <td>17.255532</td>\n",
       "      <td>21.890057</td>\n",
       "      <td>11.662722</td>\n",
       "      <td>18.454792</td>\n",
       "    </tr>\n",
       "    <tr>\n",
       "      <th>1</th>\n",
       "      <td>29.252192</td>\n",
       "      <td>0.000000</td>\n",
       "      <td>18.834184</td>\n",
       "      <td>34.167549</td>\n",
       "      <td>27.843563</td>\n",
       "      <td>7.948625</td>\n",
       "      <td>10.334472</td>\n",
       "      <td>31.046081</td>\n",
       "      <td>10.665863</td>\n",
       "      <td>27.139645</td>\n",
       "      <td>5.706548</td>\n",
       "      <td>12.473128</td>\n",
       "      <td>16.513412</td>\n",
       "      <td>27.210178</td>\n",
       "      <td>11.124254</td>\n",
       "    </tr>\n",
       "    <tr>\n",
       "      <th>2</th>\n",
       "      <td>19.410106</td>\n",
       "      <td>18.834184</td>\n",
       "      <td>0.000000</td>\n",
       "      <td>24.983339</td>\n",
       "      <td>20.513179</td>\n",
       "      <td>22.396935</td>\n",
       "      <td>15.781976</td>\n",
       "      <td>27.786631</td>\n",
       "      <td>28.805564</td>\n",
       "      <td>24.863844</td>\n",
       "      <td>20.542623</td>\n",
       "      <td>9.915715</td>\n",
       "      <td>24.746566</td>\n",
       "      <td>25.513736</td>\n",
       "      <td>10.723119</td>\n",
       "    </tr>\n",
       "    <tr>\n",
       "      <th>3</th>\n",
       "      <td>5.614832</td>\n",
       "      <td>34.167549</td>\n",
       "      <td>24.983339</td>\n",
       "      <td>0.000000</td>\n",
       "      <td>6.389649</td>\n",
       "      <td>31.031726</td>\n",
       "      <td>24.111941</td>\n",
       "      <td>9.792745</td>\n",
       "      <td>38.858987</td>\n",
       "      <td>11.287884</td>\n",
       "      <td>31.116332</td>\n",
       "      <td>22.538541</td>\n",
       "      <td>24.757553</td>\n",
       "      <td>12.047626</td>\n",
       "      <td>23.667482</td>\n",
       "    </tr>\n",
       "    <tr>\n",
       "      <th>4</th>\n",
       "      <td>3.582847</td>\n",
       "      <td>27.843563</td>\n",
       "      <td>20.513179</td>\n",
       "      <td>6.389649</td>\n",
       "      <td>0.000000</td>\n",
       "      <td>24.678601</td>\n",
       "      <td>17.731617</td>\n",
       "      <td>8.169900</td>\n",
       "      <td>32.538032</td>\n",
       "      <td>7.201834</td>\n",
       "      <td>24.728074</td>\n",
       "      <td>16.522448</td>\n",
       "      <td>18.858631</td>\n",
       "      <td>8.098043</td>\n",
       "      <td>17.566712</td>\n",
       "    </tr>\n",
       "    <tr>\n",
       "      <th>5</th>\n",
       "      <td>26.931207</td>\n",
       "      <td>7.948625</td>\n",
       "      <td>22.396935</td>\n",
       "      <td>31.031726</td>\n",
       "      <td>24.678601</td>\n",
       "      <td>0.000000</td>\n",
       "      <td>7.929558</td>\n",
       "      <td>25.934232</td>\n",
       "      <td>7.942707</td>\n",
       "      <td>22.098582</td>\n",
       "      <td>2.385878</td>\n",
       "      <td>13.260765</td>\n",
       "      <td>9.255939</td>\n",
       "      <td>21.947540</td>\n",
       "      <td>12.055967</td>\n",
       "    </tr>\n",
       "    <tr>\n",
       "      <th>6</th>\n",
       "      <td>19.533434</td>\n",
       "      <td>10.334472</td>\n",
       "      <td>15.781976</td>\n",
       "      <td>24.111941</td>\n",
       "      <td>17.731617</td>\n",
       "      <td>7.929558</td>\n",
       "      <td>0.000000</td>\n",
       "      <td>20.775698</td>\n",
       "      <td>15.745863</td>\n",
       "      <td>16.882168</td>\n",
       "      <td>7.226576</td>\n",
       "      <td>5.928735</td>\n",
       "      <td>9.438057</td>\n",
       "      <td>17.013795</td>\n",
       "      <td>5.083564</td>\n",
       "    </tr>\n",
       "    <tr>\n",
       "      <th>7</th>\n",
       "      <td>11.284578</td>\n",
       "      <td>31.046081</td>\n",
       "      <td>27.786631</td>\n",
       "      <td>9.792745</td>\n",
       "      <td>8.169900</td>\n",
       "      <td>25.934232</td>\n",
       "      <td>20.775698</td>\n",
       "      <td>0.000000</td>\n",
       "      <td>33.162363</td>\n",
       "      <td>3.909282</td>\n",
       "      <td>26.720889</td>\n",
       "      <td>21.746433</td>\n",
       "      <td>17.852976</td>\n",
       "      <td>3.991948</td>\n",
       "      <td>22.445270</td>\n",
       "    </tr>\n",
       "    <tr>\n",
       "      <th>8</th>\n",
       "      <td>34.863439</td>\n",
       "      <td>10.665863</td>\n",
       "      <td>28.805564</td>\n",
       "      <td>38.858987</td>\n",
       "      <td>32.538032</td>\n",
       "      <td>7.942707</td>\n",
       "      <td>15.745863</td>\n",
       "      <td>33.162363</td>\n",
       "      <td>0.000000</td>\n",
       "      <td>29.439548</td>\n",
       "      <td>8.723053</td>\n",
       "      <td>20.571076</td>\n",
       "      <td>15.493026</td>\n",
       "      <td>29.180031</td>\n",
       "      <td>19.260220</td>\n",
       "    </tr>\n",
       "    <tr>\n",
       "      <th>9</th>\n",
       "      <td>10.768085</td>\n",
       "      <td>27.139645</td>\n",
       "      <td>24.863844</td>\n",
       "      <td>11.287884</td>\n",
       "      <td>7.201834</td>\n",
       "      <td>22.098582</td>\n",
       "      <td>16.882168</td>\n",
       "      <td>3.909282</td>\n",
       "      <td>29.439548</td>\n",
       "      <td>0.000000</td>\n",
       "      <td>22.831669</td>\n",
       "      <td>18.135105</td>\n",
       "      <td>14.313440</td>\n",
       "      <td>0.896535</td>\n",
       "      <td>18.751426</td>\n",
       "    </tr>\n",
       "    <tr>\n",
       "      <th>10</th>\n",
       "      <td>26.713213</td>\n",
       "      <td>5.706548</td>\n",
       "      <td>20.542623</td>\n",
       "      <td>31.116332</td>\n",
       "      <td>24.728074</td>\n",
       "      <td>2.385878</td>\n",
       "      <td>7.226576</td>\n",
       "      <td>26.720889</td>\n",
       "      <td>8.723053</td>\n",
       "      <td>22.831669</td>\n",
       "      <td>0.000000</td>\n",
       "      <td>11.864159</td>\n",
       "      <td>10.956769</td>\n",
       "      <td>22.770228</td>\n",
       "      <td>10.571607</td>\n",
       "    </tr>\n",
       "    <tr>\n",
       "      <th>11</th>\n",
       "      <td>17.255532</td>\n",
       "      <td>12.473128</td>\n",
       "      <td>9.915715</td>\n",
       "      <td>22.538541</td>\n",
       "      <td>16.522448</td>\n",
       "      <td>13.260765</td>\n",
       "      <td>5.928735</td>\n",
       "      <td>21.746433</td>\n",
       "      <td>20.571076</td>\n",
       "      <td>18.135105</td>\n",
       "      <td>11.864159</td>\n",
       "      <td>0.000000</td>\n",
       "      <td>14.884826</td>\n",
       "      <td>18.545683</td>\n",
       "      <td>1.367753</td>\n",
       "    </tr>\n",
       "    <tr>\n",
       "      <th>12</th>\n",
       "      <td>21.890057</td>\n",
       "      <td>16.513412</td>\n",
       "      <td>24.746566</td>\n",
       "      <td>24.757553</td>\n",
       "      <td>18.858631</td>\n",
       "      <td>9.255939</td>\n",
       "      <td>9.438057</td>\n",
       "      <td>17.852976</td>\n",
       "      <td>15.493026</td>\n",
       "      <td>14.313440</td>\n",
       "      <td>10.956769</td>\n",
       "      <td>14.884826</td>\n",
       "      <td>0.000000</td>\n",
       "      <td>13.928932</td>\n",
       "      <td>14.352946</td>\n",
       "    </tr>\n",
       "    <tr>\n",
       "      <th>13</th>\n",
       "      <td>11.662722</td>\n",
       "      <td>27.210178</td>\n",
       "      <td>25.513736</td>\n",
       "      <td>12.047626</td>\n",
       "      <td>8.098043</td>\n",
       "      <td>21.947540</td>\n",
       "      <td>17.013795</td>\n",
       "      <td>3.991948</td>\n",
       "      <td>29.180031</td>\n",
       "      <td>0.896535</td>\n",
       "      <td>22.770228</td>\n",
       "      <td>18.545683</td>\n",
       "      <td>13.928932</td>\n",
       "      <td>0.000000</td>\n",
       "      <td>19.108341</td>\n",
       "    </tr>\n",
       "    <tr>\n",
       "      <th>14</th>\n",
       "      <td>18.454792</td>\n",
       "      <td>11.124254</td>\n",
       "      <td>10.723119</td>\n",
       "      <td>23.667482</td>\n",
       "      <td>17.566712</td>\n",
       "      <td>12.055967</td>\n",
       "      <td>5.083564</td>\n",
       "      <td>22.445270</td>\n",
       "      <td>19.260220</td>\n",
       "      <td>18.751426</td>\n",
       "      <td>10.571607</td>\n",
       "      <td>1.367753</td>\n",
       "      <td>14.352946</td>\n",
       "      <td>19.108341</td>\n",
       "      <td>0.000000</td>\n",
       "    </tr>\n",
       "  </tbody>\n",
       "</table>\n",
       "</div>"
      ],
      "text/plain": [
       "           0          1          2          3          4          5   \\\n",
       "0    0.000000  29.252192  19.410106   5.614832   3.582847  26.931207   \n",
       "1   29.252192   0.000000  18.834184  34.167549  27.843563   7.948625   \n",
       "2   19.410106  18.834184   0.000000  24.983339  20.513179  22.396935   \n",
       "3    5.614832  34.167549  24.983339   0.000000   6.389649  31.031726   \n",
       "4    3.582847  27.843563  20.513179   6.389649   0.000000  24.678601   \n",
       "5   26.931207   7.948625  22.396935  31.031726  24.678601   0.000000   \n",
       "6   19.533434  10.334472  15.781976  24.111941  17.731617   7.929558   \n",
       "7   11.284578  31.046081  27.786631   9.792745   8.169900  25.934232   \n",
       "8   34.863439  10.665863  28.805564  38.858987  32.538032   7.942707   \n",
       "9   10.768085  27.139645  24.863844  11.287884   7.201834  22.098582   \n",
       "10  26.713213   5.706548  20.542623  31.116332  24.728074   2.385878   \n",
       "11  17.255532  12.473128   9.915715  22.538541  16.522448  13.260765   \n",
       "12  21.890057  16.513412  24.746566  24.757553  18.858631   9.255939   \n",
       "13  11.662722  27.210178  25.513736  12.047626   8.098043  21.947540   \n",
       "14  18.454792  11.124254  10.723119  23.667482  17.566712  12.055967   \n",
       "\n",
       "           6          7          8          9          10         11  \\\n",
       "0   19.533434  11.284578  34.863439  10.768085  26.713213  17.255532   \n",
       "1   10.334472  31.046081  10.665863  27.139645   5.706548  12.473128   \n",
       "2   15.781976  27.786631  28.805564  24.863844  20.542623   9.915715   \n",
       "3   24.111941   9.792745  38.858987  11.287884  31.116332  22.538541   \n",
       "4   17.731617   8.169900  32.538032   7.201834  24.728074  16.522448   \n",
       "5    7.929558  25.934232   7.942707  22.098582   2.385878  13.260765   \n",
       "6    0.000000  20.775698  15.745863  16.882168   7.226576   5.928735   \n",
       "7   20.775698   0.000000  33.162363   3.909282  26.720889  21.746433   \n",
       "8   15.745863  33.162363   0.000000  29.439548   8.723053  20.571076   \n",
       "9   16.882168   3.909282  29.439548   0.000000  22.831669  18.135105   \n",
       "10   7.226576  26.720889   8.723053  22.831669   0.000000  11.864159   \n",
       "11   5.928735  21.746433  20.571076  18.135105  11.864159   0.000000   \n",
       "12   9.438057  17.852976  15.493026  14.313440  10.956769  14.884826   \n",
       "13  17.013795   3.991948  29.180031   0.896535  22.770228  18.545683   \n",
       "14   5.083564  22.445270  19.260220  18.751426  10.571607   1.367753   \n",
       "\n",
       "           12         13         14  \n",
       "0   21.890057  11.662722  18.454792  \n",
       "1   16.513412  27.210178  11.124254  \n",
       "2   24.746566  25.513736  10.723119  \n",
       "3   24.757553  12.047626  23.667482  \n",
       "4   18.858631   8.098043  17.566712  \n",
       "5    9.255939  21.947540  12.055967  \n",
       "6    9.438057  17.013795   5.083564  \n",
       "7   17.852976   3.991948  22.445270  \n",
       "8   15.493026  29.180031  19.260220  \n",
       "9   14.313440   0.896535  18.751426  \n",
       "10  10.956769  22.770228  10.571607  \n",
       "11  14.884826  18.545683   1.367753  \n",
       "12   0.000000  13.928932  14.352946  \n",
       "13  13.928932   0.000000  19.108341  \n",
       "14  14.352946  19.108341   0.000000  "
      ]
     },
     "execution_count": 8,
     "metadata": {},
     "output_type": "execute_result"
    }
   ],
   "source": [
    "# Read csv file\n",
    "df = pd.read_csv('Crime_small.csv', index_col=0)\n",
    "# The file consists of points in 2D space, the first column is the x coordinate and the second column is the y coordinate\n",
    "# We calculate all the distances in the x-y plane\n",
    "# We create a distance matrix\n",
    "dist = np.zeros((len(df), len(df)))\n",
    "for i in range(len(df)):\n",
    "    for j in range(len(df)):\n",
    "        dist[i][j] = np.sqrt((df.iloc[i][0] - df.iloc[j][0])**2 + (df.iloc[i][1] - df.iloc[j][1])**2)\n",
    "\n",
    "# print the distance matrix as a dataframe\n",
    "pd.DataFrame(dist)"
   ]
  }
 ],
 "metadata": {
  "kernelspec": {
   "display_name": "ML-comb-opt",
   "language": "python",
   "name": "python3"
  },
  "language_info": {
   "codemirror_mode": {
    "name": "ipython",
    "version": 3
   },
   "file_extension": ".py",
   "mimetype": "text/x-python",
   "name": "python",
   "nbconvert_exporter": "python",
   "pygments_lexer": "ipython3",
   "version": "3.11.3"
  },
  "orig_nbformat": 4
 },
 "nbformat": 4,
 "nbformat_minor": 2
}
